Webots Project File version R2021a
perspectives: 000000ff00000000fd00000003000000000000000000000000fc0100000001fb0000001a0044006f00630075006d0065006e0074006100740069006f006e0000000000ffffffff0000005400ffffff000000010000012400000295fc0200000001fb0000001400540065007800740045006400690074006f00720100000015000002950000003e00ffffff000000030000078000000135fc0100000001fb0000001a0043006f006e0073006f006c00650041006c006c0041006c006c0100000000000007800000005400ffffff000006560000029500000001000000020000000100000008fc00000000
simulationViewPerspectives: 000000ff000000010000000200000187000004c90100000006010000000100
sceneTreePerspectives: 000000ff0000000100000002000000c0000000fc0100000006010000000200
maximizedDockId: -1
centralWidgetVisible: 1
projectionMode: PERSPECTIVE
orthographicViewHeight: 7.44492
textFiles: -1
consoles: Console:All:All
renderingDevicePerspectives: basic robot:camera;1;1.44458;0;0
